pendiente: -0.138075492771
intercepto: -1.90169174201
