pendiente: -0.129317310093
intercepto: -1.92836269578
