pendiente: -0.103685626148
intercepto: -2.1207423181
