pendiente: -0.140272402182
intercepto: -1.85276551256
