pendiente: -0.0911218690571
intercepto: -2.37958563747
